2 0.2140625 0.696875 0.178125 0.1078125
2 0.384375 0.7546875 0.1125 0.15
2 0.4671875 0.89375 0.08125 0.1015625
2 0.21875 0.9390625 0.115625 0.090625
2 0.63125 0.65 0.1359375 0.0875
2 0.821875 0.603125 0.08125 0.096875
2 0.5875 0.4546875 0.1046875 0.0640625
2 0.446875 0.4421875 0.1046875 0.0828125
2 0.621875 0.31875 0.0609375 0.04375
2 0.690625 0.4046875 0.090625 0.0609375
2 0.7640625 0.29375 0.065625 0.0453125
2 0.915625 0.9015625 0.1265625 0.1953125
2 0.5671875 0.2578125 0.078125 0.0390625
2 0.6609375 0.2578125 0.040625 0.04375
2 0.6171875 0.53125 0.0859375 0.059375