2 0.4375 0.8796875 0.3875 0.2265625
2 0.5640625 0.484375 0.096875 0.078125
2 0.6578125 0.5953125 0.15625 0.1859375
2 0.8078125 0.5296875 0.078125 0.0765625
2 0.165625 0.65 0.1734375 0.1703125
2 0.0390625 0.7640625 0.0765625 0.1734375
2 0.6390625 0.415625 0.15 0.0796875
2 0.75625 0.3671875 0.209375 0.0984375
2 0.834375 0.2671875 0.071875 0.1125
2 0.1734375 0.4390625 0.3171875 0.1484375
2 0.2234375 0.3 0.15 0.1
2 0.3578125 0.340625 0.14375 0.090625
2 0.31875 0.259375 0.121875 0.0640625
2 0.4828125 0.25625 0.196875 0.0953125
2 0.6921875 0.1296875 0.0359375 0.0328125
2 0.6484375 0.171875 0.1109375 0.065625
2 0.746875 0.1796875 0.08125 0.053125
2 0.9765625 0.1984375 0.046875 0.025
2 0.5234375 0.1625 0.0390625 0.021875
2 0.48125 0.178125 0.034375 0.015625
2 0.753125 0.1453125 0.046875 0.0171875
2 0.759375 0.103125 0.025 0.0140625
2 0.8234375 0.0953125 0.028125 0.0171875
2 0.809375 0.1109375 0.0375 0.015625
2 0.7984375 0.1234375 0.0421875 0.01875
2 0.878125 0.1140625 0.065625 0.028125
2 0.9015625 0.14375 0.034375 0.021875