2 0.7265625 0.8 0.35 0.1421875
2 0.8125 0.9328125 0.36875 0.134375
2 0.4859375 0.6 0.3984375 0.153125
2 0.8203125 0.5515625 0.246875 0.190625
2 0.6671875 0.334375 0.1640625 0.0796875
2 0.5453125 0.2625 0.165625 0.1390625
2 0.5109375 0.146875 0.1484375 0.0765625
2 0.4859375 0.0703125 0.06875 0.0828125
2 0.221875 0.3625 0.1140625 0.1
2 0.2234375 0.28125 0.09375 0.0609375
2 0.2765625 0.8140625 0.4765625 0.371875
0 0.5796875 0.465625 0.159375 0.078125
1 0.0828125 0.4046875 0.1390625 0.0984375
1 0.0953125 0.2609375 0.1625 0.1265625
1 0.2828125 0.128125 0.14375 0.1875