2 0.4921875 0.315625 0.3015625 0.071875
2 0.8859375 0.4921875 0.228125 0.0953125
2 0.9484375 0.296875 0.103125 0.0625
2 0.8234375 0.2765625 0.1078125 0.0546875
2 0.5828125 0.2359375 0.16875 0.034375
2 0.2046875 0.2578125 0.296875 0.06875
2 0.2953125 0.1921875 0.415625 0.0390625
2 0.7828125 0.171875 0.1859375 0.034375
2 0.3109375 0.378125 0.128125 0.0515625
2 0.046875 0.3375 0.09375 0.0390625
2 0.9703125 0.175 0.059375 0.05625
2 0.0765625 0.0359375 0.153125 0.0703125
2 0.4078125 0.0171875 0.0625 0.015625
2 0.3171875 0.0109375 0.0453125 0.0078125
2 0.3609375 0.00625 0.0453125 0.00625