2 0.4 0.6625 0.159375 0.1296875
2 0.696875 0.8578125 0.171875 0.2
2 0.678125 0.6625 0.1953125 0.11875
2 0.4953125 0.575 0.096875 0.0796875
2 0.36875 0.4390625 0.05625 0.053125
2 0.5265625 0.303125 0.0515625 0.0328125
2 0.671875 0.315625 0.10625 0.040625
2 0.6421875 0.3890625 0.096875 0.0703125
2 0.73125 0.4375 0.0421875 0.0375
2 0.66875 0.4671875 0.028125 0.01875
2 0.61875 0.534375 0.0453125 0.0421875
2 0.409375 0.275 0.0421875 0.025
2 0.578125 0.246875 0.084375 0.0453125
2 0.0609375 0.4578125 0.121875 0.078125