2 0.440625 0.784375 0.340625 0.3640625
2 0.8265625 0.8 0.346875 0.4
2 0.75625 0.4125 0.140625 0.1140625
2 0.9328125 0.4453125 0.1328125 0.3078125
2 0.5671875 0.484375 0.0859375 0.078125
2 0.465625 0.490625 0.084375 0.0703125
2 0.496875 0.4 0.0828125 0.0640625
2 0.6625 0.3 0.2421875 0.1421875
2 0.2515625 0.4203125 0.0765625 0.0765625
2 0.15 0.4625 0.0859375 0.08125
2 0.0875 0.65 0.175 0.2125
2 0.0390625 0.3609375 0.078125 0.0765625
2 0.0453125 0.43125 0.090625 0.0765625
2 0.3703125 0.3953125 0.0609375 0.071875
2 0.490625 0.3359375 0.059375 0.040625
2 0.440625 0.2953125 0.0859375 0.0671875
2 0.5296875 0.215625 0.128125 0.0765625
2 0.66875 0.140625 0.1859375 0.0875
2 0.86875 0.234375 0.15 0.134375
2 0.8171875 0.34375 0.06875 0.09375
2 0.259375 0.6171875 0.1140625 0.103125
2 0.0984375 0.9453125 0.090625 0.109375