2 0.509375 0.80625 0.115625 0.1640625
2 0.6671875 0.90625 0.1078125 0.1875
2 0.76875 0.8453125 0.06875 0.0953125
2 0.671875 0.7046875 0.1015625 0.090625
2 0.7765625 0.7515625 0.0734375 0.0859375
2 0.825 0.6734375 0.0828125 0.0890625
2 0.9453125 0.884375 0.10625 0.1515625
2 0.3171875 0.925 0.0625 0.0921875
2 0.3578125 0.775 0.0640625 0.0640625
2 0.3421875 0.653125 0.0859375 0.0765625
2 0.275 0.625 0.05625 0.0546875
2 0.221875 0.615625 0.06875 0.05625
2 0.1078125 0.60625 0.09375 0.075
2 0.0734375 0.7140625 0.0734375 0.075
2 0.4015625 0.5609375 0.04375 0.0421875
2 0.4828125 0.534375 0.0640625 0.04375
2 0.5078125 0.6046875 0.0703125 0.071875
2 0.565625 0.5515625 0.0375 0.04375
2 0.6046875 0.6328125 0.0625 0.0640625
2 0.6671875 0.575 0.0875 0.059375
2 0.703125 0.5203125 0.0609375 0.05
2 0.7734375 0.5984375 0.0484375 0.04375
2 0.821875 0.5 0.04375 0.034375
2 0.90625 0.5640625 0.05 0.0359375
2 0.209375 0.5109375 0.0859375 0.05
2 0.325 0.525 0.040625 0.03125
2 0.378125 0.509375 0.0296875 0.0203125
2 0.3640625 0.5421875 0.0421875 0.034375
2 0.3578125 0.46875 0.025 0.025
2 0.325 0.4609375 0.034375 0.0234375
2 0.2828125 0.43125 0.040625 0.0296875
2 0.2546875 0.4171875 0.0390625 0.0234375
2 0.2125 0.459375 0.028125 0.025
2 0.44375 0.4234375 0.0375 0.0265625
2 0.490625 0.434375 0.034375 0.025
2 0.559375 0.4421875 0.0359375 0.0234375
2 0.5921875 0.453125 0.01875 0.0203125
2 0.634375 0.471875 0.0296875 0.021875
2 0.66875 0.4734375 0.0265625 0.015625
2 0.653125 0.4453125 0.053125 0.03125
2 0.64375 0.4296875 0.040625 0.015625
2 0.6234375 0.409375 0.034375 0.0203125
2 0.59375 0.4015625 0.0359375 0.0171875
2 0.5578125 0.3828125 0.028125 0.0140625
2 0.5328125 0.384375 0.0171875 0.0109375
2 0.5921875 0.36875 0.025 0.0140625
2 0.4953125 0.4703125 0.0453125 0.0265625
2 0.55625 0.475 0.0359375 0.0234375
2 0.4921875 0.49375 0.028125 0.021875
2 0.4078125 0.4390625 0.021875 0.01875
2 0.3734375 0.4421875 0.021875 0.015625
2 0.353125 0.428125 0.021875 0.0140625
2 0.3828125 0.421875 0.021875 0.01875
2 0.25 0.8453125 0.1140625 0.14375
2 0.790625 0.975 0.0875 0.05
2 0.5015625 0.3984375 0.0265625 0.028125
2 0.4921875 0.3765625 0.01875 0.0078125
2 0.490625 0.3671875 0.0203125 0.0078125
2 0.525 0.365625 0.021875 0.0109375
2 0.553125 0.3546875 0.0296875 0.0109375
2 0.521875 0.346875 0.0171875 0.0078125
2 0.496875 0.3515625 0.021875 0.0078125
2 0.4953125 0.34375 0.0234375 0.009375
2 0.51875 0.334375 0.0203125 0.009375
2 0.5390625 0.340625 0.01875 0.0078125
2 0.4578125 0.3765625 0.0234375 0.0125
2 0.4546875 0.390625 0.0234375 0.0140625
2 0.425 0.403125 0.021875 0.0109375
2 0.403125 0.384375 0.0203125 0.0078125
2 0.359375 0.3875 0.0234375 0.0125
2 0.3 0.40625 0.040625 0.021875
2 0.4609375 0.359375 0.01875 0.0125
2 0.4671875 0.34375 0.0140625 0.0109375
2 0.4671875 0.3296875 0.0125 0.0109375
2 0.4921875 0.3296875 0.0140625 0.0109375
2 0.5171875 0.3265625 0.015625 0.0046875
2 0.4515625 0.3234375 0.009375 0.00625
2 0.4453125 0.3390625 0.0125 0.009375
2 0.4109375 0.36875 0.0125 0.0078125
2 0.4015625 0.3546875 0.0140625 0.0078125
2 0.4 0.3484375 0.015625 0.00625
2 0.5484375 0.403125 0.0296875 0.0171875
2 0.6046875 0.509375 0.0375 0.0359375
2 0.609375 0.4421875 0.0328125 0.0171875
2 0.58125 0.425 0.01875 0.0125
2 0.4234375 0.478125 0.0515625 0.034375
2 0.3296875 0.3828125 0.021875 0.015625