2 0.778125 0.709375 0.2875 0.2796875
2 0.5609375 0.8578125 0.153125 0.284375
2 0.21875 0.634375 0.121875 0.071875
2 0.5984375 0.4328125 0.1640625 0.084375
2 0.4421875 0.40625 0.0890625 0.040625
2 0.4625 0.459375 0.053125 0.040625
2 0.465625 0.5171875 0.0625 0.053125
2 0.328125 0.453125 0.0734375 0.0734375
2 0.40625 0.4578125 0.059375 0.05625
2 0.0375 0.615625 0.075 0.1
2 0.0359375 0.7359375 0.071875 0.090625
2 0.0546875 0.8453125 0.1046875 0.059375
2 0.1625 0.515625 0.175 0.1046875
2 0.1 0.4328125 0.0984375 0.059375
2 0.028125 0.38125 0.05625 0.0890625
2 0.1453125 0.35625 0.1484375 0.046875
2 0.271875 0.35625 0.065625 0.05625
2 0.221875 0.41875 0.0796875 0.0484375
2 0.3265625 0.303125 0.08125 0.0765625
2 0.371875 0.371875 0.04375 0.05625
2 0.5140625 0.3453125 0.1359375 0.05625
2 0.5609375 0.2890625 0.1296875 0.046875
2 0.5671875 0.2453125 0.053125 0.015625
2 0.259375 0.1890625 0.053125 0.0359375
2 0.89375 0.93125 0.2125 0.1359375
2 0.25625 0.253125 0.06875 0.0375
2 0.3515625 0.221875 0.090625 0.06875