2 0.4625 0.775 0.1359375 0.1921875
2 0.46875 0.4234375 0.1984375 0.1421875
2 0.6953125 0.6375 0.0625 0.1203125
2 0.9296875 0.4703125 0.140625 0.253125
2 0.0578125 0.571875 0.1140625 0.1515625
2 0.1421875 0.4 0.1203125 0.1078125
2 0.1921875 0.2875 0.06875 0.10625
2 0.2515625 0.309375 0.040625 0.0796875
2 0.640625 0.025 0.0640625 0.05
2 0.7046875 0.0296875 0.04375 0.0578125
2 0.7640625 0.11875 0.15 0.11875
2 0.3078125 0.075 0.0578125 0.0328125
2 0.40625 0.0578125 0.0859375 0.071875
2 0.4 0.1515625 0.1296875 0.09375
2 0.1671875 0.084375 0.1265625 0.0859375
2 0.1734375 0.19375 0.1078125 0.0375
2 0.26875 0.1546875 0.0890625 0.071875
2 0.2546875 0.025 0.078125 0.0484375