2 0.649340065625 0.9427136624999999 0.687428978125 0.890155928125 0.643174575 0.788559325 0.5465000156250001 0.761304990625 0.42461551249999996 0.786736103125 0.362403596875 0.857943290625 0.39668358125 0.9511907000000001 0.50206295 0.9596677375 0.649340065625 0.9427136624999999
2 0.25111108125000003 0.771610171875 0.23036201250000002 0.734178496875 0.13767904375 0.7223107625 0.074197521875 0.7748683 0.095781203125 0.82233963125 0.20877833125 0.82064425 0.25111108125000003 0.771610171875
2 0.28761901875 0.6084745781249999 0.16941980625 0.6171953593749999 0.165610875 0.646017428125 0.2290924 0.654494465625 0.30907915625000004 0.66805758125 0.3217754625 0.6358448812499999 0.28761901875 0.6084745781249999
2 0.747101571875 0.601936734375 0.762337290625 0.646017428125 0.8435935656250001 0.637540390625 0.8537506468749999 0.62058631875 0.8273015593749999 0.600000003125 0.747101571875 0.601936734375
2 0.25067607812500003 0.545988234375 0.36367320937500003 0.545988234375 0.36380949375 0.5067796625 0.244327928125 0.496821459375 0.25067607812500003 0.545988234375
2 0.43223327500000003 0.46799951875 0.416997746875 0.5036030499999999 0.444929578125 0.5290341625 0.504602171875 0.525643396875 0.508253940625 0.479237290625 0.43223327500000003 0.46799951875
2 0.071658203125 1 0.173228640625 0.993575884375 0.160634890625 0.8923728843750001 0.060231509375000006 0.866420328125 0.004367846874999999 0.881678890625 0 0.9647538812500001 0.001828528125 1 0.071658203125 1
2 0.936276628125 0.7494371906249999 0.950242446875 0.72739684375 0.904535865625 0.70027035 0.802965428125 0.717224425 0.76868544375 0.7307878 0.8131225125 0.766391265625 0.871525396875 0.77317291875 0.936276628125 0.7494371906249999
2 0.9705566125 0.52225256875 0.91936505 0.487711865625 0.895648490625 0.486648978125 0.9083447937500001 0.5409020250000001 0.9451640031249999 0.574810175 0.973095834375 0.5849826593749999 0.9972189281249999 0.5595515468750001 0.9705566125 0.52225256875
2 0.485557715625 0.44935006250000004 0.51142854375 0.41991525625000004 0.429694053125 0.406964878125 0.31161837812500004 0.396792396875 0.282416840625 0.43917758124999995 0.3065398375 0.45613165312500004 0.394144359375 0.454436271875 0.485557715625 0.44935006250000004
2 0.465396796875 0.309745765625 0.42588512187500005 0.310326640625 0.44112064999999995 0.332366925 0.49571479687500003 0.33406230625 0.541421475 0.337453134375 0.5312644875 0.313717471875 0.465396796875 0.309745765625
2 0.527301559375 0.2567796625 0.4792095625 0.25776897499999996 0.462704425 0.26794145625 0.467782965625 0.2865909125 0.49825401874999997 0.291677121875 0.5185681843750001 0.28828635937499997 0.527301559375 0.2567796625