2 0.9203125 0.9046875 0.159375 0.190625
2 0.8359375 0.6234375 0.1984375 0.1828125
2 0.4140625 0.6171875 0.146875 0.121875
2 0.434375 0.4828125 0.1390625 0.1046875
2 0.21875 0.503125 0.0921875 0.0890625
2 0.3203125 0.4015625 0.1390625 0.090625
2 0.578125 0.3984375 0.0671875 0.0625
2 0.7765625 0.3890625 0.1671875 0.2765625
2 0.65 0.259375 0.1109375 0.0671875
2 0.4703125 0.3359375 0.09375 0.090625
2 0.3890625 0.2265625 0.096875 0.071875
2 0.4953125 0.1734375 0.1 0.0609375
2 0.609375 0.1859375 0.084375 0.0546875
2 0.528125 0.234375 0.09375 0.0671875
2 0.5328125 0.140625 0.09375 0.053125