2 0.253125 0.3375 0.3109375 0.0765625
2 0.7859375 0.4203125 0.428125 0.115625
2 0.6859375 0.6109375 0.253125 0.1
2 0.309375 0.5109375 0.125 0.0328125
2 0.6125 0.2140625 0.1703125 0.05625
2 0.5234375 0.13125 0.1765625 0.0421875
2 0.0765625 0.1515625 0.153125 0.028125
2 0.921875 0.0890625 0.1546875 0.05625
2 0.2984375 0.0671875 0.109375 0.0125
2 0.2484375 0.0921875 0.1421875 0.0296875
2 0.2546875 0.021875 0.1078125 0.021875
2 0.178125 0.8140625 0.35625 0.284375
2 0.70625 0.7828125 0.19375 0.059375