2 0.4046875 0.540625 0.23125 0.1484375
2 0.44375 0.7828125 0.2015625 0.1421875
2 0.575 0.6953125 0.15625 0.1171875
2 0.159375 0.821875 0.31875 0.265625
2 0.46875 0.353125 0.15625 0.06875
2 0.2328125 0.371875 0.465625 0.453125
2 0.38125 0.0671875 0.7625 0.134375
2 0.959375 0.4875 0.08125 0.13125
2 0.9359375 0.6515625 0.128125 0.16875
2 0.590625 0.525 0.1421875 0.0828125
2 0.715625 0.55 0.075 0.0578125
2 0.8328125 0.3953125 0.1515625 0.0953125
2 0.7046875 0.346875 0.090625 0.0390625
2 0.665625 0.3890625 0.1015625 0.0921875
2 0.8625 0.225 0.1203125 0.0890625
2 0.6890625 0.2328125 0.1484375 0.1
2 0.8875 0.1453125 0.1390625 0.075
2 0.8953125 0.053125 0.1703125 0.0515625
2 0.75 0.8765625 0.3 0.2375