1 0.1734375 0.553125 0.1984375 0.8859375
1 0.0890625 0.0453125 0.053125 0.090625
1 0.6375 0.8609375 0.7234375 0.1578125
1 0.3734375 0.6015625 0.7390625 0.1875
1 0.34375 0.3578125 0.4703125 0.0875
1 0.1875 0.0859375 0.0515625 0.171875
1 0.0515625 0.2484375 0.0953125 0.0609375
1 0.36875 0.1546875 0.73125 0.1046875
1 0.29375 0.2640625 0.38125 0.0734375
1 0.721875 0.3625 0.3890625 0.121875
1 0.734375 0.621875 0.525 0.75625
1 0.565625 0.240625 0.2453125 0.090625
1 0.73125 0.2046875 0.5375 0.409375
1 0.665625 0.034375 0.15625 0.0625
1 0.8453125 0.109375 0.309375 0.21875