2 0.590625 0.8453125 0.215625 0.1921875
2 0.4453125 0.5984375 0.24375 0.08125
2 0.40625 0.6859375 0.1734375 0.0625
2 0.2796875 0.478125 0.13125 0.09375
2 0.4921875 0.521875 0.228125 0.0796875
2 0.7328125 0.6875 0.303125 0.09375
2 0.784375 0.5875 0.171875 0.078125
2 0.6328125 0.603125 0.0984375 0.06875
2 0.5390625 0.3859375 0.1015625 0.0875
2 0.746875 0.421875 0.1140625 0.0734375
2 0.6859375 0.3296875 0.1203125 0.0515625
2 0.8546875 0.4515625 0.0703125 0.0859375
2 0.3859375 0.3046875 0.1046875 0.0734375
2 0.3390625 0.3875 0.0875 0.078125
2 0.1015625 0.4046875 0.053125 0.090625
2 0.58125 0.2578125 0.084375 0.090625
2 0.2625 0.2421875 0.0875 0.103125
2 0.4265625 0.1828125 0.05 0.0828125
2 0.071875 0.6125 0.1140625 0.109375