1 0.265227765625 0.9310977812499999 0.29806303437500004 0.91188456875 0.368987240625 0.89907568125 0.421523671875 0.8782613874999999 0.421523671875 0.8174193437499999 0.407076071875 0.79340276875 0.368987240625 0.8318293156250001 0.332211696875 0.8558458906249999 0.265227765625 0.8750591062499999 0.21663150312499999 0.8942724375 0.13651346250000002 0.9182890125000001 0.0760965875 0.9439066687500001 0.041379278125 0.9567827156250001 0.045888096875 0.99193981875 0.12863301875 0.9727264874999999 0.210064446875 0.9343000625 0.22582544062499998 0.9583166375 0.26260088125 0.9583166375 0.265227765625 0.9310977812499999
1 0.38737490937499997 0.6348933437500001 0.29806303437500004 0.641297790625 0.196930340625 0.6589099187499999 0.095797746875 0.6829264968750001 0.03538086875 0.6797242781249999 0.023560153125 0.7069430718749999 0.095797746875 0.718150940625 0.17328900625000002 0.698937546875 0.31119714374999996 0.6685165875 0.39131518125000003 0.6589099187499999 0.38737490937499997 0.6348933437500001
1 0.3729274125 0.550034790625 0.388688403125 0.516411609375 0.422837065625 0.54683256875 0.45041867187499995 0.5612425375 0.40050902187500004 0.6044723875 0.41495661874999995 0.64289886875 0.45829911875 0.61888229375 0.48719421250000006 0.5964668625 0.46355277812500006 0.532422659375 0.408389565625 0.489192809375 0.34797258750000004 0.48118728437499997 0.273108209375 0.48438950937499997 0.20558289375 0.47458983750000006 0.1903632875 0.498799415625 0.21531811250000002 0.51961376875 0.249466775 0.5212149125 0.30068981875 0.5036027187500001 0.351912859375 0.53562481875 0.3729274125 0.550034790625
1 0.542357428125 0.742167459375 0.6448035125 0.76138066875 0.74068244375 0.7693861937500001 0.8391882562499999 0.77739171875 0.9350672875000001 0.770987278125 0.961335503125 0.742167459375 0.965275775 0.702139890625 0.929813725 0.702139890625 0.9166796125 0.7309596468749999 0.8050396937500001 0.7309596468749999 0.719667990625 0.72455520625 0.647430296875 0.716549740625 0.5607452 0.703740853125 0.48982099687499997 0.687729803125 0.433344290625 0.671718753125 0.41083740625000004 0.650660265625 0.39525545625 0.665314365625 0.442538228125 0.710145415625 0.435971171875 0.73736409375 0.460925996875 0.73736409375 0.471433225 0.72455520625 0.542357428125 0.742167459375
1 0.421523671875 0.42194638749999996 0.40970295625 0.38992428437500004 0.34797258750000004 0.39632873125 0.270481428125 0.391525365625 0.2297656125 0.381918759375 0.141767128125 0.391525365625 0.065589259375 0.397929809375 0.008538559375000001 0.406562625 0.005172378125 0.44916518437499997 0.09054408750000001 0.4459629625 0.22188516875 0.40433425625 0.278361871875 0.43635635625 0.349286078125 0.447564040625 0.421523671875 0.42194638749999996
1 0.366360359375 0.332284528125 0.37161402187500003 0.309869034375 0.324331253125 0.290655759375 0.265227765625 0.28104915625000004 0.210064446875 0.26984140624999997 0.13782685625 0.26343696250000004 0.0577088125 0.274644709375 0.0068965218750000005 0.282513009375 0.0025456 0.3226778625 0.078723365625 0.31307125625 0.15884150625 0.308267953125 0.24815338125 0.317874559375 0.334838478125 0.332284528125 0.366360359375 0.332284528125
1 0.714414228125 0.38832320625 0.6382364593750001 0.38832320625 0.57256591875 0.38992428437500004 0.468308671875 0.37855141875 0.460925996875 0.42194638749999996 0.523969659375 0.41394086249999995 0.564685371875 0.41394086249999995 0.6487436875 0.4187441625 0.72098128125 0.415541940625 0.714414228125 0.38832320625
1 0.338778753125 0.18658393125 0.357166525 0.217004953125 0.38737490937499997 0.21220165 0.368987240625 0.172174053125 0.366360359375 0.14335411250000002 0.430717509375 0.1273430625 0.42021018125 0.09211880312500001 0.40182250937499997 0.085714328125 0.37030063125 0.040883368749999996 0.34797258750000004 0.007260184375000001 0.346798 0.0024009625 0.3033167 0.00886126875 0.312510534375 0.034478953125 0.36504696875 0.10652868124999999 0.31513731875 0.120938621875 0.326958034375 0.14655630625 0.338778753125 0.18658393125
1 0.154901234375 0.20259498437499998 0.250780265625 0.191387265625 0.320390978125 0.17857840625000002 0.31119714374999996 0.14655630625 0.2599741 0.148157478125 0.13782685625 0.1593651625 0.0760965875 0.172174053125 0.078723365625 0.20739831562500002 0.154901234375 0.20259498437499998
1 0.933753796875 0.40433425625 0.84969558125 0.415541940625 0.767159246875 0.410564228125 0.76563736875 0.44436188125 0.83524798125 0.44115965937499996 0.911425853125 0.4459629625 0.99679755625 0.465176234375 0.9994243375 0.431552990625 0.933753796875 0.40433425625
1 0.9101125624999999 0.31307125625 0.840501746875 0.2954590625 0.77483120625 0.28745353749999997 0.69602655625 0.2954590625 0.6587848625 0.29651860937499996 0.672385121875 0.332284528125 0.753816553125 0.316273478125 0.8549491437500001 0.34509335625 0.99679755625 0.359503265625 0.9928572812500001 0.325880084375 0.9101125624999999 0.31307125625