2 0.3515625 0.3375 0.28125 0.1671875
2 0.121875 0.5140625 0.24375 0.2203125
2 0.3625 0.5734375 0.18125 0.1734375
2 0.4859375 0.921875 0.1515625 0.15625
2 0.6375 0.6859375 0.103125 0.121875
2 0.86875 0.16875 0.2625 0.0796875
2 0.4625 0.09375 0.096875 0.075
2 0.1515625 0.240625 0.0640625 0.0484375
2 0.3265625 0.2171875 0.103125 0.046875
2 0.4578125 0.228125 0.034375 0.078125
2 0.39375 0.040625 0.11875 0.0546875
2 0.06875 0.0359375 0.0625 0.0484375
2 0.6203125 0.48125 0.24375 0.2109375
2 0.6109375 0.1609375 0.0703125 0.0703125
2 0.7265625 0.0890625 0.1203125 0.0640625
2 0.59375 0.01875 0.0984375 0.0375