1 0.6828125 0.8328125 0.1703125 0.334375
1 0.1765625 0.0359375 0.3484375 0.071875
1 0.8375 0.4796875 0.325 0.0640625
1 0.4453125 0.078125 0.190625 0.075
1 0.55 0.2015625 0.0890625 0.16875
1 0.634375 0.371875 0.0859375 0.1578125
1 0.45625 0.26875 0.0765625 0.14375
1 0.9296875 0.6765625 0.140625 0.0375
1 0.2046875 0.78125 0.26875 0.08125
1 0.6828125 0.590625 0.059375 0.1671875
1 0.4171875 0.5546875 0.1125 0.10625
1 0.528125 0.640625 0.1359375 0.0578125
1 0.384375 0.1625 0.0671875 0.090625
1 0.34375 0.09375 0.0515625 0.0515625