2 0.3609375 0.2390625 0.078125 0.0796875
2 0.396875 0.3296875 0.08125 0.0921875
2 0.396875 0.4265625 0.0734375 0.0671875
2 0.8765625 0.553125 0.1140625 0.0921875
2 0.76875 0.590625 0.08125 0.0703125
2 0.8890625 0.790625 0.0953125 0.0859375
2 0.496875 0.6046875 0.0921875 0.0640625
2 0.4140625 0.51875 0.046875 0.053125
2 0.1859375 0.4015625 0.059375 0.0765625
2 0.3546875 0.1671875 0.04375 0.034375
2 0.5625 0.1234375 0.05625 0.046875
2 0.653125 0.0625 0.0484375 0.046875
2 0.603125 0.0953125 0.025 0.0265625
2 0.4203125 0.096875 0.10625 0.0390625
2 0.4953125 0.7796875 0.0515625 0.0859375