2 0.26875 0.715625 0.3109375 0.2078125
2 0.0453125 0.3609375 0.090625 0.1515625
2 0.4921875 0.4578125 0.28125 0.2328125
2 0.475 0.8703125 0.1640625 0.1875
2 0.690625 0.34375 0.240625 0.11875
2 0.83125 0.4640625 0.1890625 0.1
2 0.7765625 0.6984375 0.1703125 0.225
2 0.1171875 0.0625 0.078125 0.0453125
2 0.6875 0.2484375 0.1359375 0.0609375
2 0.3609375 0.1078125 0.0703125 0.0546875
2 0.4609375 0.1546875 0.1375 0.096875
2 0.609375 0.1734375 0.140625 0.071875
2 0.7828125 0.146875 0.16875 0.0984375
2 0.609375 0.1203125 0.11875 0.0359375
2 0.5015625 0.0796875 0.1 0.04375
2 0.63125 0.0640625 0.171875 0.0640625
2 0.415625 0.040625 0.146875 0.08125