0 0.475 0.2484375 0.121875 0.35
0 0.3765625 0.684375 0.103125 0.2171875
0 0.3109375 0.7484375 0.128125 0.19375
0 0.1953125 0.7453125 0.18125 0.1578125
0 0.0765625 0.615625 0.0921875 0.190625
0 0.065625 0.7609375 0.10625 0.08125
0 0.4125 0.915625 0.1453125 0.153125
0 0.5625 0.7859375 0.125 0.140625
0 0.534375 0.8921875 0.090625 0.075
0 0.790625 0.753125 0.13125 0.2
0 0.9171875 0.93125 0.1484375 0.134375
0 0.46875 0.5609375 0.0890625 0.0875
0 0.5515625 0.4875 0.121875 0.096875
0 0.5375 0.4296875 0.0921875 0.0890625
0 0.6234375 0.61875 0.2046875 0.1765625
0 0.6921875 0.2078125 0.0703125 0.221875
0 0.7375 0.4375 0.1109375 0.2125