0 0.471875 0.4046875 0.2390625 0.0765625
0 0.6375 0.3984375 0.0859375 0.03125
1 0.396875 0.35 0.1140625 0.025
1 0.4265625 0.33125 0.1484375 0.015625
1 0.6234375 0.8234375 0.6921875 0.340625
0 0.859375 0.346875 0.1296875 0.03125
1 0.9625 0.3296875 0.075 0.0125
1 0.965625 0.359375 0.06875 0.01875
1 0.9484375 0.3828125 0.0859375 0.0171875
1 0.9171875 0.36875 0.015625 0.009375
1 0.628125 0.315625 0.1484375 0.0125
2 0.8796875 0.290625 0.021875 0.0046875
2 0.84375 0.28125 0.046875 0.00625
1 0.8046875 0.2859375 0.028125 0.0046875
1 0.2390625 0.475 0.2078125 0.046875
1 0.1859375 0.3796875 0.0375 0.028125
1 0.071875 0.4578125 0.040625 0.03125